%YAML:1.0
R: !!opencv-matrix
   rows: 3
   cols: 3
   dt: d
   data: [ 9.9992920167295951e-01, -2.7551253658305302e-05,
       1.1899196721048590e-02, -1.7257631719832407e-05,
       9.9999291000077473e-01, 3.7655876508916569e-03,
       -1.1899216102413599e-02, -3.7655264055404237e-03,
       9.9992211170022494e-01 ]
T: !!opencv-matrix
   rows: 3
   cols: 1
   dt: d
   data: [ -6.9973171175335178e+00, 6.7529883805134361e-02,
       6.9374942818386465e-02 ]
R1: !!opencv-matrix
   rows: 3
   cols: 3
   dt: d
   data: [ 9.9995163435527235e-01, -9.6400519326229651e-03,
       1.9489353390815690e-03, 9.6363089262722669e-03,
       9.9995172469497973e-01, 1.9208929727793965e-03,
       -1.9673587616482130e-03, -1.9020195245475961e-03,
       9.9999625590360641e-01 ]
R2: !!opencv-matrix
   rows: 3
   cols: 3
   dt: d
   data: [ 9.9990429581295115e-01, -9.6499014948603478e-03,
       -9.9135571792310188e-03, 9.6309338514714935e-03,
       9.9995170202901285e-01, -1.9592657882564891e-03,
       9.9319850963929222e-03, 1.8636014648910570e-03,
       9.9994894002725210e-01 ]
P1: !!opencv-matrix
   rows: 3
   cols: 4
   dt: d
   data: [ 1.3525369498252296e+03, 0., 1.0183953247070312e+03, 0., 0.,
       1.3525369498252296e+03, 5.3494735336303711e+02, 0., 0., 0., 1.,
       0. ]
P2: !!opencv-matrix
   rows: 3
   cols: 4
   dt: d
   data: [ 1.3525369498252296e+03, 0., 1.0183953247070312e+03,
       -9.4650357946647691e+03, 0., 1.3525369498252296e+03,
       5.3494735336303711e+02, 0., 0., 0., 1., 0. ]
Q: !!opencv-matrix
   rows: 4
   cols: 4
   dt: d
   data: [ 1., 0., 0., -1.0183953247070312e+03, 0., 1., 0.,
       -5.3494735336303711e+02, 0., 0., 0., 1.3525369498252296e+03, 0.,
       0., 1.4289823928480277e-01, 0. ]
ROI1: [ 75, 72, 1789, 928 ]
ROI2: [ 16, 77, 1883, 932 ]
