%YAML:1.0
M1: !!opencv-matrix
   rows: 3
   cols: 3
   dt: d
   data: [ 1.5071614049549914e+03, 0., 1.0151588286022118e+03, 0.,
       1.6048847367563583e+03, 5.4005572869893138e+02, 0., 0., 1. ]
D1: !!opencv-matrix
   rows: 5
   cols: 1
   dt: d
   data: [ -1.8941945141923841e-01, -2.0470600993613078e-01,
       5.1713128135153353e-04, 6.9204923551731560e-03,
       7.1144673066700037e-01 ]
M2: !!opencv-matrix
   rows: 3
   cols: 3
   dt: d
   data: [ 1.5077111522687039e+03, 0., 9.8888128912190780e+02, 0.,
       1.6056149093073170e+03, 5.2939210113496802e+02, 0., 0., 1. ]
D2: !!opencv-matrix
   rows: 5
   cols: 1
   dt: d
   data: [ -2.2126111055687439e-01, 5.0073739318435159e-02,
       -7.6548103622661463e-04, 3.9492923101588214e-03,
       9.7142067023822498e-02 ]
